0 0 0
-5154 5764.5 7838.423135427176
-2345.6314896400127 1152.2033786679469 9518.4605406091086
-2345.6314896400127 1152.2033786679469 9518.4605406091086
-2345.6314896400127 1152.2033786679469 9518.4605406091086
-2345.6314896400127 1152.2033786679469 9518.4605406091086
-2345.6314896400127 1152.2033786679469 9518.4605406091086
-2071.93050188506 2078.9489788525111 9784.8826806985962
-2071.93050188506 2078.9489788525111 9784.8826806985962
-1614.1625174138292 3628.9414322735788 10417.252609899937
-1614.1625174138292 3628.9414322735788 10417.252609899937
-1614.1625174138292 3628.9414322735788 10417.252609899937
-1614.1625174138292 3628.9414322735788 10417.252609899937
-1614.1625174138292 3628.9414322735788 10417.252609899937
-1925.4018113981283 3370.9592040981556 10472.113788727725
-1925.4018113981283 3370.9592040981556 10472.113788727725
-1925.4018113981283 3370.9592040981556 10472.113788727725
-1925.4018113981283 3370.9592040981556 10472.113788727725
-1925.4018113981283 3370.9592040981556 10472.113788727725
-1925.4018113981283 3370.9592040981556 10472.113788727725
-1925.4018113981283 3370.9592040981556 10472.113788727725
-2742.5 2816.5 10760.145375411988
-2742.5 2816.5 10760.145375411988
-2742.5 2816.5 10760.145375411988
-3209 4140.5 11946.748145415973
-3209 4140.5 11946.748145415973
-3209 4140.5 11946.748145415973
-3209 4140.5 11946.748145415973
-3209 4140.5 11946.748145415973
-3209 4140.5 11946.748145415973
-3209 4140.5 11946.748145415973
-3209 4140.5 11946.748145415973
-3209 4140.5 11946.748145415973
-3209 4140.5 11946.748145415973
-3209 4140.5 11946.748145415973
-3209 4140.5 11946.748145415973
-3209 4140.5 11946.748145415973
-3209 4140.5 11946.748145415973
-3209 4140.5 11946.748145415973
-3209 4140.5 11946.748145415973
-3209 4140.5 11946.748145415973
-3209 4140.5 11946.748145415973
-3209 4140.5 11946.748145415973
-3209 4140.5 11946.748145415973
-3209 4140.5 11946.748145415973
-3746.1471689124537 3506.9791168835941 11977.815955554173
-3746.1471689124537 3506.9791168835941 11977.815955554173
-3746.1471689124537 3506.9791168835941 11977.815955554173
-3746.1471689124537 3506.9791168835941 11977.815955554173
-3746.1471689124537 3506.9791168835941 11977.815955554173
-3746.1471689124537 3506.9791168835941 11977.815955554173
-3746.1471689124537 3506.9791168835941 11977.815955554173
-3746.1471689124537 3506.9791168835941 11977.815955554173
-3746.1471689124537 3506.9791168835941 11977.815955554173
-3746.1471689124537 3506.9791168835941 11977.815955554173
-3693.878960163705 4092.0624612562297 12291.174098850317
-3693.878960163705 4092.0624612562297 12291.174098850317
-3693.878960163705 4092.0624612562297 12291.174098850317
-3693.878960163705 4092.0624612562297 12291.174098850317
-3693.878960163705 4092.0624612562297 12291.174098850317
-3693.878960163705 4092.0624612562297 12291.174098850317
-3693.878960163705 4092.0624612562297 12291.174098850317
-3693.878960163705 4092.0624612562297 12291.174098850317
-3693.878960163705 4092.0624612562297 12291.174098850317
-3693.878960163705 4092.0624612562297 12291.174098850317
-3693.878960163705 4092.0624612562297 12291.174098850317
-3693.878960163705 4092.0624612562297 12291.174098850317
-3693.878960163705 4092.0624612562297 12291.174098850317
-3693.878960163705 4092.0624612562297 12291.174098850317
-3693.878960163705 4092.0624612562297 12291.174098850317
-3648.6051637131122 4598.8512889945177 12578.471396749783
-3648.6051637131122 4598.8512889945177 12578.471396749783
-3648.6051637131122 4598.8512889945177 12578.471396749783
-3648.6051637131122 4598.8512889945177 12578.471396749783
-3648.6051637131122 4598.8512889945177 12578.471396749783
-3648.6051637131122 4598.8512889945177 12578.471396749783
-3648.6051637131122 4598.8512889945177 12578.471396749783
-3648.6051637131122 4598.8512889945177 12578.471396749783
-3648.6051637131122 4598.8512889945177 12578.471396749783
-3648.6051637131122 4598.8512889945177 12578.471396749783
-3648.6051637131122 4598.8512889945177 12578.471396749783
-3648.6051637131122 4598.8512889945177 12578.471396749783
-3648.6051637131122 4598.8512889945177 12578.471396749783
-3648.6051637131122 4598.8512889945177 12578.471396749783
-3648.6051637131122 4598.8512889945177 12578.471396749783
-3648.6051637131122 4598.8512889945177 12578.471396749783
-3648.6051637131122 4598.8512889945177 12578.471396749783
-3648.6051637131122 4598.8512889945177 12578.471396749783
-3648.6051637131122 4598.8512889945177 12578.471396749783
-3648.6051637131122 4598.8512889945177 12578.471396749783
-3648.6051637131122 4598.8512889945177 12578.471396749783
-3648.6051637131122 4598.8512889945177 12578.471396749783
-3648.6051637131122 4598.8512889945177 12578.471396749783
-3648.6051637131122 4598.8512889945177 12578.471396749783
-3648.6051637131122 4598.8512889945177 12578.471396749783
-3648.6051637131122 4598.8512889945177 12578.471396749783
-3648.6051637131122 4598.8512889945177 12578.471396749783
-3648.6051637131122 4598.8512889945177 12578.471396749783
-3648.6051637131122 4598.8512889945177 12578.471396749783
-3648.6051637131122 4598.8512889945177 12578.471396749783
-3648.6051637131122 4598.8512889945177 12578.471396749783
-3648.6051637131122 4598.8512889945177 12578.471396749783
-3648.6051637131122 4598.8512889945177 12578.471396749783
-3648.6051637131122 4598.8512889945177 12578.471396749783
-3648.6051637131122 4598.8512889945177 12578.471396749783
-3648.6051637131122 4598.8512889945177 12578.471396749783
-3648.6051637131122 4598.8512889945177 12578.471396749783
-3648.6051637131122 4598.8512889945177 12578.471396749783
-3648.6051637131122 4598.8512889945177 12578.471396749783
-3648.6051637131122 4598.8512889945177 12578.471396749783
-3648.6051637131122 4598.8512889945177 12578.471396749783
-3648.6051637131122 4598.8512889945177 12578.471396749783
-3648.6051637131122 4598.8512889945177 12578.471396749783
-3648.6051637131122 4598.8512889945177 12578.471396749783
-3648.6051637131122 4598.8512889945177 12578.471396749783
-3648.6051637131122 4598.8512889945177 12578.471396749783
-3648.6051637131122 4598.8512889945177 12578.471396749783
-3648.6051637131122 4598.8512889945177 12578.471396749783
-3648.6051637131122 4598.8512889945177 12578.471396749783
-3648.6051637131122 4598.8512889945177 12578.471396749783
-3616.8450144575395 4548.1226446915298 12580.509113987024
-3616.8450144575395 4548.1226446915298 12580.509113987024
-3616.8450144575395 4548.1226446915298 12580.509113987024
-3616.8450144575395 4548.1226446915298 12580.509113987024
-3616.8450144575395 4548.1226446915298 12580.509113987024
-3616.8450144575395 4548.1226446915298 12580.509113987024
-3616.8450144575395 4548.1226446915298 12580.509113987024
-3616.8450144575395 4548.1226446915298 12580.509113987024
-3616.8450144575395 4548.1226446915298 12580.509113987024
-3616.8450144575395 4548.1226446915298 12580.509113987024
-4009 4133 13138.631968359567
-4009 4133 13138.631968359567
-4009 4133 13138.631968359567
-4009 4133 13138.631968359567
-4009 4133 13138.631968359567
-4009 4133 13138.631968359567
-4009 4133 13138.631968359567
-4009 4133 13138.631968359567
-4009 4133 13138.631968359567
-4009 4133 13138.631968359567
-4009 4133 13138.631968359567
-4009 4133 13138.631968359567
-4009 4133 13138.631968359567
-4009 4133 13138.631968359567
-4009 4133 13138.631968359567
-4009 4133 13138.631968359567
-4009 4133 13138.631968359567
-4009 4133 13138.631968359567
-4009 4133 13138.631968359567
-4009 4133 13138.631968359567
-4009 4133 13138.631968359567
-4009 4133 13138.631968359567
-4009 4133 13138.631968359567
-4009 4133 13138.631968359567
-4009 4133 13138.631968359567
-4009 4133 13138.631968359567
-4009 4133 13138.631968359567
-4009 4133 13138.631968359567
-4009 4133 13138.631968359567
-4009 4133 13138.631968359567
-4009 4133 13138.631968359567
-4009 4133 13138.631968359567
-4009 4133 13138.631968359567
-4009 4133 13138.631968359567
-4009 4133 13138.631968359567
-4009 4133 13138.631968359567
-4009 4133 13138.631968359567
-4009 4133 13138.631968359567
-4009 4133 13138.631968359567
-4009 4133 13138.631968359567
-4009 4133 13138.631968359567
-4009 4133 13138.631968359567
-4009 4133 13138.631968359567
-4009 4133 13138.631968359567
-4009 4133 13138.631968359567
-4009 4133 13138.631968359567
-4009 4133 13138.631968359567
-4009 4133 13138.631968359567
-4009 4133 13138.631968359567
-4009 4133 13138.631968359567
-4009 4133 13138.631968359567
-4009 4133 13138.631968359567
-4009 4133 13138.631968359567
-3932.2986412103883 4022.1293402378919 13139.323628012069
-3932.2986412103883 4022.1293402378919 13139.323628012069
-3932.2986412103883 4022.1293402378919 13139.323628012069
-3932.2986412103883 4022.1293402378919 13139.323628012069
-3932.2986412103883 4022.1293402378919 13139.323628012069
-3932.2986412103883 4022.1293402378919 13139.323628012069
-3932.2986412103883 4022.1293402378919 13139.323628012069
-3932.2986412103883 4022.1293402378919 13139.323628012069
-3932.2986412103883 4022.1293402378919 13139.323628012069
-3932.2986412103883 4022.1293402378919 13139.323628012069
-3932.2986412103883 4022.1293402378919 13139.323628012069
-3932.2986412103883 4022.1293402378919 13139.323628012069
-3932.2986412103883 4022.1293402378919 13139.323628012069
-3932.2986412103883 4022.1293402378919 13139.323628012069
-3932.2986412103883 4022.1293402378919 13139.323628012069
-3932.2986412103883 4022.1293402378919 13139.323628012069
-3932.2986412103883 4022.1293402378919 13139.323628012069
