97
-818 261
425 -3334
-659 4834
-1078 -530
1198 -5578
273 4115
-1165 4495
-2781 -1617
1495 1871
963 2227
1565 660
926 2438
662 4984
1157 4969
-1509 -5737
64 4845
-768 -3091
796 3066
-548 -7960
1086 5394
-2050 1220
-2346 20
1091 -891
-960 2709
275 3313
-2842 -925
-952 -6522
-19 2358
791 4924
-1876 -6210
-1742 -7455
-1103 -3371
-2119 1845
1788 1864
-190 3402
-1532 460
-365 -873
1044 -1768
-900 705
-2227 517
1105 3856
-147 -7824
-2777 -3510
276 -5870
82 -5930
1032 -2562
527 2151
-2836 -794
1630 837
-319 390
-2757 -4275
-1066 2716
-971 3936
-1355 -5020
-956 4461
-1572 2773
-2897 1323
-11 -7741
-570 -1787
-225 3551
-2901 -2014
250 921
-194 -7814
192 3722
-18 -2502
-407 -576
871 -8089
-478 186
-2319 -5185
-2241 3686
-548 5432
440 4604
1554 -7865
-2793 3070
-804 4201
210 -2924
-1417 4845
-2499 3665
1506 3369
-1676 901
-2613 -5856
447 4330
1537 -6133
-2853 -4951
1240 -2474
-1754 -4048
-669 979
-37 -3300
1612 -5406
849 -5042
-1463 -2693
-394 -1238
1316 1637
590 -8180
1386 -2734
-1877 -1024
-550 -8058
