93
117 -883
-998 2983
-2752 -1391
-1150 2473
-47 -912
1003 483
1037 1025
-154 460
-340 584
-1953 -1518
-1407 2390
-395 -808
-2359 2304
-533 2749
-1486 -1557
-994 -2054
892 1974
-472 2495
-2771 2068
-3007 1641
-424 504
-1189 -1633
-2929 1907
-2724 -1606
247 -223
-493 3329
-1794 -1603
-731 615
-1367 -1247
-2948 2371
537 2455
-1258 3036
-1771 -1409
822 -1851
-1677 -1861
449 -405
-1411 279
-141 2080
-2040 1668
-1955 3204
956 2304
-476 325
-346 1592
-1795 -1102
750 1371
-557 2825
-283 2329
-2378 858
-2048 2754
1083 -832
258 3319
230 -1658
-2056 2625
-2880 -442
215 -83
812 -1275
-2981 -1596
-2167 2147
-1027 664
-644 -1759
293 2742
-1935 -1718
-2570 299
-119 3239
-2574 2289
706 2702
-2203 -1779
-2986 -1045
-2117 2075
-2987 -2037
-2772 -160
-462 -156
876 -1852
904 -326
-1255 3032
1034 -546
-190 3054
-1036 3140
501 155
-830 -1554
641 40
863 1697
-1521 2650
164 3319
-872 5
-2995 -949
-1236 -1585
-541 -147
808 -57
1135 -961
68 2458
-2137 -481
-1741 -1900
