90
299 -322
-3098 -686
-5873 1532
-5398 3758
-167 2993
-5551 2368
-5809 993
-1441 1847
-1125 4317
-2741 534
-891 1854
-5920 2295
-5928 2203
-3116 1116
-2943 1882
-1958 3909
-2103 1689
-3142 2275
78 4753
-5571 4474
-6603 3965
-6758 3464
-6219 4469
-4473 179
-1807 -152
-2128 1240
-5563 2314
-1730 -338
-1862 5019
92 -1125
-4477 2221
-2949 1371
-1862 4863
-5604 5743
-6420 3179
275 3867
-3554 1404
257 2571
-3124 -1162
-4173 2741
-6376 4153
-6250 2940
-378 336
-2030 5
-1913 5453
-5560 5220
-5406 -721
-171 5602
-3234 3382
-3896 -809
-593 3362
-164 2232
-1208 4096
585 -891
-6199 4905
-2401 2311
730 2740
-1855 5149
416 5567
-6809 -217
-1289 3385
-1126 1866
-5976 2509
-1894 3277
-2942 1265
-3926 3540
-7415 1395
-5877 2961
-6449 3957
-4766 5038
-2740 724
-3215 4341
-1018 4838
-55 4064
-7057 2685
-3771 5180
-4667 3835
-7321 1024
-3983 3126
-7090 2969
-1089 568
-5963 2850
-850 4748
-317 3443
-6171 4271
-1745 5678
-3097 2778
-6750 3943
49 3894
-5672 4992
