50
-2289 -1357
-2445 -3152
1144 -2138
-881 3091
326 2457
161 1575
-408 4024
1631 4408
-783 -3436
2275 3870
863 381
1341 4019
1773 1439
1256 2175
-182 3558
1237 -754
-3187 4453
-1693 3443
2323 404
-1651 -1976
-1779 -3927
1750 2909
597 -3812
-999 -1778
-3201 2524
2537 -3500
-1923 -247
-162 -45
-1940 -3047
-154 -3850
-2342 -2132
2116 2887
526 635
17 3940
-2350 893
-2148 3017
-360 -3917
-297 -979
-798 -627
926 -1758
-3052 1246
-105 -2650
-1179 1694
-1789 3251
436 3433
-3105 -108
-121 -3587
2588 2544
-1111 27
-2606 -3258
