74
2170 -1430
823 -807
1604 -299
1646 -867
3764 -401
-346 -1557
3633 -837
219 -786
1349 -764
-503 -1168
1701 -172
2217 -794
4362 -1037
2189 -399
152 -1162
-670 -642
692 -1240
1727 -421
-649 -1055
1422 -288
-329 -842
3863 237
-335 -249
3464 184
3391 -398
3155 -476
3455 -930
-683 -1156
2108 137
2424 -126
-764 -601
2511 -1403
3793 -1465
-783 -281
4381 -1563
1517 -99
990 -998
313 8
3460 232
278 -1031
1919 317
2336 -231
223 -1079
3178 -1130
-751 -1149
1506 -1379
225 -1141
909 -886
112 -679
462 -808
3953 -84
791 -494
678 -662
3732 -354
3443 114
1029 297
2922 1
-104 9
1969 -435
3938 -284
1698 -1233
-740 -1614
1397 -53
3049 -850
4146 -1551
2969 -214
1640 21
3406 -562
1291 -1023
4471 -779
4341 -1038
4115 -1341
3964 -685
813 -463
