76
172 -3802
-2257 331
-1979 3460
-817 -3186
-1336 -171
-3438 2664
-1319 -3887
-3523 3125
-3425 -2742
-1273 -4011
-2902 424
-3600 -1386
-3361 -957
-660 2045
-2342 -2613
-2773 -5219
-1909 5079
-1588 687
-575 3586
-991 1876
-1662 -4227
-298 1060
-2421 2023
-3277 -1066
-2519 156
-3513 3709
-2019 1976
-746 -4241
-2057 -5425
-986 3866
-3292 2982
-2512 4794
-2456 -2760
-826 1005
-1834 675
-3455 -2211
-1368 -3964
-789 4825
-2830 -342
-2136 -4930
-2570 -1283
-3059 2168
-547 1669
-674 -5227
-2674 4332
-3279 4892
-2962 -4431
-1574 1419
-1377 1614
-1788 3071
-3306 -1103
-2289 -2537
-362 -739
-942 5204
-3189 -5321
-255 4429
-2969 -4211
-1425 -4781
-2492 -934
-2031 -4472
-2755 3972
-2078 -2173
-68 3625
-2103 -4692
-2298 2409
-3150 -2110
-2153 -882
-97 -2734
217 -2798
-2308 -2529
-1654 3984
-2205 3924
-2117 2268
-2614 4263
-799 -4673
-657 775
