58
-2770 850
-258 324
-2854 195
-711 44
-2272 1415
-1947 -498
-150 -20
-1244 453
-876 1696
-1836 1840
-1480 -259
36 2216
115 1239
-2495 686
-691 248
848 605
-2206 802
-3217 943
737 -571
866 2039
-630 1871
-2246 1327
-1989 1848
974 501
-1478 2208
-2412 1746
-1040 167
-1698 199
-130 612
-1401 228
-1078 2488
931 1556
-220 1735
-2035 2262
-2820 1915
-472 782
-2632 -575
-2549 292
-2670 159
-680 1885
-2835 72
-2786 1841
-1531 -200
464 1218
863 1880
-2618 -75
-1831 778
-3069 283
-235 1001
-62 776
-855 557
-526 -104
-1885 -587
-2461 -384
46 -642
-1687 616
-1045 -338
-288 114
