94
-7924 3931
-5226 -258
1549 794
-2157 4447
-4318 2591
-7097 -771
-4038 6400
-2658 -3917
-2297 -969
-1685 7239
-1778 7266
916 -1276
-430 4881
-2270 2053
-671 2699
-6878 6830
-5745 1012
-1238 1904
-7247 4537
-2084 1904
-246 5678
-7758 296
-7331 1430
-6459 -5408
-121 -3716
-287 -295
-3288 5701
-853 5225
-7389 8079
-562 -1801
-6290 -3609
-2013 3871
-60 4200
-6428 -1625
-1853 -4988
1500 -4618
-5574 6383
-2915 7381
-2567 2134
1129 -5021
269 -3318
-7960 3106
-1501 -5849
-5477 194
-7477 548
-4250 -5604
-6058 897
-7062 -2109
-5362 2460
-6120 6872
-2872 2671
-5305 4876
-2033 -2281
-3535 5131
-5742 1515
-617 3937
-5452 -4978
-2491 -3350
1821 -495
-7201 618
-1335 2346
-1593 -5952
-2445 230
-5632 7459
-1835 7322
-7537 3410
-7100 -5587
-7961 2665
-7287 2478
-5085 4643
-5828 230
-718 597
-1061 5763
668 -1985
-2017 4837
-3391 3547
1042 -166
-2146 290
-563 4519
-7851 -4328
-4366 7329
-7507 509
665 5344
-1918 -640
1716 5878
-1030 1474
-5410 160
-1883 -6264
-4570 -1468
-1038 -2365
-2131 -1541
-6997 -2410
-3442 1629
-4298 -4410
