68
-2231 -1392
1615 344
933 -1513
515 -1641
-2979 -1695
-1199 -236
-627 -56
-600 320
8 454
-2328 -991
-2419 -1562
-1350 -642
996 -1931
-1069 -345
-2039 -1257
-2897 -1627
1277 562
-1115 -352
-2272 -1420
659 -511
-359 -401
-1933 -1439
-711 -1400
-826 -884
-687 -85
-1683 -1579
-2175 -1005
1553 -1015
-191 -686
851 -1268
-1727 -1903
-926 -2020
-70 -2160
-203 -144
759 -1454
-1312 -550
-1694 516
-2732 -583
531 465
1244 -1808
-2765 -1488
-2684 -1768
-931 -696
-2932 -174
-824 -1109
162 -1705
-2715 -442
-1880 -1817
-510 -840
1219 255
370 -805
-2202 -85
756 168
417 -1813
-2271 -77
-938 317
-1537 49
606 -92
992 -802
-1170 -1066
-2070 443
1505 -571
-2208 35
-101 -1999
-1046 -1882
17 -639
-2478 -1818
-101 -1812
