88
2649 -1601
-6569 1079
-2290 -2598
-1127 2186
2049 -2252
-636 -3195
-3411 -1955
-1248 -5852
-5313 2127
-3571 -4959
-5557 -4556
280 1920
-5600 22
-1819 2479
-1585 -2587
-308 -2320
656 1661
-6407 311
2962 880
-1284 2914
601 -703
-6663 -4955
-4981 3044
-2714 2607
-3621 -1832
1181 -1991
-4607 -2369
210 -1611
-2906 3355
-3741 -2042
-6071 2631
-3805 -1873
-116 -4077
3344 -4202
-1279 -3440
-4944 -2688
-6279 -450
700 2646
-3946 -3499
-5229 1850
3577 -3830
-5639 -1541
3919 860
-1031 2786
-537 -1537
1770 1648
-5497 -5048
-7261 -2583
-7715 2653
-974 2037
2843 -2812
-2541 -558
819 -1319
2452 -468
3036 317
-5485 -4177
1430 -2899
4011 -2681
3658 291
82 -152
-4009 1351
-7846 169
-5533 -3253
-2691 -5312
2666 1062
-762 -937
-4510 3215
-2331 -3364
-6576 -1265
-2720 2949
3599 -3287
3086 -5078
-2763 -348
-2013 -415
3014 1347
3031 -5115
-5626 -2831
-7137 -3212
-4877 2453
-2265 -655
-3725 748
-1798 -4071
3174 -2771
-4063 -4547
-4694 -4665
-1088 348
-4569 -1912
-5567 1220
