55
1556 -1435
679 -987
1192 -2427
395 -4445
1733 2601
1718 -3201
-617 2214
1373 1232
301 -917
-27 -158
-106 -1085
-58 -1970
1165 -2513
-269 -357
1185 3340
-772 3427
340 -413
621 -773
-346 3690
1829 4344
-676 4080
-192 -3177
779 -232
-428 4418
460 2970
497 -1858
715 -4871
753 -1909
-298 -1833
-341 2726
897 -2122
-604 -1795
137 4551
-767 -5250
528 -210
1710 277
-175 -1203
1252 -3203
493 -3054
1001 4575
-141 -251
-27 -2665
-145 3378
1000 -4177
-336 2856
-279 2678
908 -3706
52 2287
512 2122
-580 -2048
-597 3507
-704 4146
1492 4195
-55 -3912
1460 -2691
