89
-2470 2202
-2204 -3052
4597 3821
3106 -2063
6182 -1670
-4599 3478
1032 -1908
4588 -3701
5268 -931
-4472 4319
7699 -3241
1691 11
2821 3531
1006 -3939
-6016 2874
-6446 272
7912 4241
3935 -2334
-888 1989
3579 -2812
1674 -718
3290 -468
2939 2893
-2940 1238
7661 367
1146 1268
4441 1871
3087 -423
3384 1117
-1641 4442
6970 2669
6813 4371
2009 3635
7573 -2992
3612 -211
-2443 -4273
-226 3417
-513 4236
5146 116
5854 -2271
-5144 3002
-6351 5163
4706 1337
3831 -3471
1509 1243
6551 1127
2678 4284
-4747 -961
2401 1835
3103 4557
2228 -4232
3346 4454
-4496 3311
4876 -4018
5626 4474
7328 -2970
-5529 -973
-5207 3456
5381 4286
-823 5000
3087 -2282
4819 4367
3764 738
-1162 5336
-3219 -593
-1757 -4327
3299 454
-1333 318
1673 733
4206 1800
3530 4320
-3398 467
-3811 -2363
-3380 624
-6236 3080
-1200 3543
-5300 -575
-5110 -265
-2502 -3739
-6254 4060
4128 3063
1055 -4044
2637 -2289
-1357 -3941
-3604 -562
-6555 1815
6864 -4318
-5700 -3239
-4243 -4218
