47
451 2713
-1108 -3177
-196 -1718
1220 -1741
-621 1794
-2092 -1025
-1623 -3321
-34 -317
3033 534
1845 -2899
-1697 -2232
-3433 -791
-370 -1093
3175 -936
-1789 2122
2684 -1434
1342 -3527
2767 1900
-2208 -1998
-440 1260
3309 723
-1151 -3155
-3704 -3469
-1105 1707
2580 -3280
1708 -2101
-436 2807
-2035 157
2342 -1479
3536 -3595
-2513 835
-1452 2822
3221 2051
314 -3082
-1044 -1234
-304 389
2997 1282
624 -1338
3508 -2905
-2825 -289
-2930 1541
-2377 -1364
-2040 -2954
-1662 1408
2812 2850
2454 58
804 985
