57
-1807 -340
-1136 1760
3097 -1636
-409 -422
-2695 -862
3394 2553
-1857 2082
821 -477
-2221 -477
449 2453
-838 2308
-441 -1572
161 -1406
2660 -1485
-810 -951
3227 2185
-2241 1650
-508 825
-182 1239
1755 -1684
624 -539
1782 -451
444 -2057
-1003 583
1443 -1249
-1850 -1744
742 492
-3452 258
2286 8
2720 -1575
-3802 -2076
-3621 794
-43 -523
595 2330
3651 2574
-1433 896
93 954
-1014 -1118
-2987 1011
-3487 -2118
2194 1918
494 702
-80 1258
2703 479
1159 -141
-1488 -1183
3869 1724
784 -2202
1261 538
-1006 -862
-3758 139
-759 -669
-1028 483
-1262 1131
2247 2567
2088 1642
4248 -1569
