72
2450 5533
-1197 -5095
4371 2535
-3461 4873
-2897 -1554
-4392 696
-55 2645
-5325 3170
3359 5783
-6393 1166
-5420 3556
2700 4338
4556 -2266
215 5045
2802 -4867
-5861 -2
4470 5867
-3375 -4545
-1023 -3259
-3910 4815
-5890 -1667
-1882 -3994
-5776 -1929
-4425 415
-1375 5802
-2600 -1720
-3129 3815
265 3790
-5070 2682
1952 4828
593 -2847
4572 -1306
723 -2017
-4312 -1887
3132 3107
3926 537
2151 4913
-3151 3404
-5646 -1155
-5908 496
-2989 -2717
-2685 1107
-4733 -2955
-6596 5596
-5168 5058
-6236 3944
4379 5629
-279 282
-691 -745
-3671 1958
3279 -1428
3581 325
-4883 3271
-5065 617
4178 2066
3158 3156
-3493 -4424
-3437 -4029
-4357 721
4574 5490
-1032 -3851
-1772 1912
-1102 42
-5326 -5103
-691 2590
1589 -2245
-241 4388
-2882 6069
-440 1533
-4013 2834
2244 6136
4735 207
