86
-1482 -5762
1478 -4232
-1896 -896
-2950 -5079
4358 464
583 377
4380 -7457
4735 -5578
2880 -6455
-237 557
-2022 -7772
4449 -5542
376 -2057
-3260 -559
-4812 -7101
2012 -7883
4139 -5631
-720 -2416
3902 -6151
-3883 -3080
3322 -1429
3898 -2157
-4351 -8460
3196 -2410
-4368 67
2759 -7124
2125 -7486
4275 224
-3556 -7312
3031 -2177
-1508 -6760
4130 -4640
-3335 -2191
-2092 -4654
1956 -2685
2773 -4097
-3005 -2294
-342 -3530
-2131 -3430
3702 -1498
3398 -3214
4685 -462
-2249 -5331
-3408 -8525
3664 -6162
-2530 -5904
526 -3552
-45 -3688
112 -6438
1369 -6365
1678 -778
-2421 -61
-2194 -5208
-4939 140
-4110 -1813
44 -6622
-1012 429
1965 -6325
-3827 -1419
2245 -6243
-2846 -6777
2799 -6092
3024 -7043
1122 -6718
-3196 -7560
3962 492
-3258 -4644
4731 -4754
3965 -3981
-1354 -5330
1914 -7890
-2323 -2162
-1259 549
3227 -5416
1375 558
2122 -2064
-3755 -6132
2578 -642
-4514 -1472
-4707 -5189
371 -5253
-1278 239
-4856 -2586
37 -4842
3457 -2663
-4570 -5597
