64
121 -3695
-1824 2776
-2997 -3407
568 884
1817 -686
849 2410
552 -2099
-2136 850
34 2279
2576 -1347
90 -4245
-1854 651
-47 -4540
-793 -3883
1287 -2584
-3323 -3268
-3221 -3230
-913 2467
-3156 -2793
2363 1700
-3302 -4309
2560 -3315
-1919 -270
2379 -3447
1325 1366
2134 -2303
-3230 1157
1168 1941
-633 1491
-1883 -1175
-890 -3684
-328 -148
1745 2252
-2771 935
-2869 -3085
-3364 -4186
826 1654
1477 -3674
2496 2928
-2281 -2998
-2761 -1281
-3370 -3295
1249 2919
1371 -378
-2094 -2644
294 523
-64 -1360
1691 -73
-3565 -2628
-237 -4106
-32 -4320
-209 692
128 1962
373 -1478
-1967 -1871
86 2330
2643 1506
1710 23
-2524 -3675
2057 -2063
334 -3625
-377 -4544
1871 -1036
-3124 -4196
