98
22 2479
-157 -4953
5663 -8218
2650 3834
2926 2139
5157 -1293
7300 1220
766 -7904
2623 2067
1257 3987
7051 -5183
2356 2610
301 -5846
5561 -7660
1295 -7962
2697 -7679
4351 -2198
3584 -7577
3539 2711
6062 5502
1873 -1361
2122 6353
2149 3961
676 -772
2493 -7121
675 4089
-9 -2123
6647 4103
6591 4559
5890 -6397
6250 -3012
1300 -3433
5159 -8149
3703 -4559
-38 -5334
3881 4151
3400 6461
5168 -2918
1278 -8086
7380 6581
5124 -4288
6697 2783
-49 2590
3133 -2705
2667 -2311
993 -2785
4272 79
3874 -3097
7573 -4310
2313 1017
3999 5712
3528 4425
7074 -4753
5940 5883
1708 -7855
-156 -7337
-115 -182
4632 -2859
990 6113
6992 -5316
762 1006
6640 2310
2336 -3843
-153 4117
4535 -3592
5272 1232
1561 2663
2658 2434
4693 -4790
111 3881
7636 1565
3057 -4027
5172 -4635
5290 -7775
3337 -7716
2015 -493
53 -62
3359 439
3774 381
4545 -2114
4968 -5944
3366 -8362
3033 -697
6479 -7919
3104 1244
1972 -949
3699 3273
7083 2338
5672 5547
811 -3606
1765 -5150
1723 -8305
5181 -1186
2806 1516
7301 6830
4348 2904
-379 2354
-254 1144
