62
2613 2636
1099 3295
3558 728
3894 -4551
-1721 -4367
1191 -32
1290 -1135
-3017 5215
916 -387
-1410 -5126
-830 1439
1138 3618
1552 -1340
1975 -2651
1761 3365
-2699 5873
-999 2956
239 -4247
2993 95
-401 -3155
-2981 -5238
2389 -1769
-711 -2924
-1736 4520
3942 1917
3264 5415
3935 1411
1687 -4870
3142 2088
-460 3505
-2895 -2602
1667 -3108
2465 2104
147 -3858
-1542 2526
3246 4643
904 2030
41 -2891
3654 -1511
2376 -3057
2768 -5154
2707 -2411
-1995 1300
-1422 -2356
2097 -4390
-30 -2199
-1666 2600
-3262 -331
3327 824
644 5728
1424 -5112
-2762 -2970
3653 2651
-1468 -713
79 -4415
3692 -5106
-2469 -3171
1113 830
-591 213
-2436 3944
2017 -1098
1547 -4191
