84
119 3138
-974 1133
-1068 -4847
1915 -542
-637 -1676
541 1054
-1534 -5431
961 1518
-102 -1087
1159 2291
-3707 -3626
1756 813
-1943 -3808
19 -4059
2397 -2568
992 -554
-3312 -3738
-2605 16
-4006 664
-2895 -513
38 2741
-1102 106
2218 -1499
-3721 -252
2115 -3896
-2770 1464
626 -683
-3943 269
797 573
-1384 -1908
2133 -1253
-1062 -10
-2429 -5192
1456 -3174
1531 58
75 -2887
-805 2889
1704 -3647
-3598 -244
-2320 1481
-3583 -4724
-213 -1129
-871 2709
-2569 -2235
-3182 2112
1080 -4254
-2480 -4703
-3445 -990
-4099 2282
-314 -1820
-3534 -2014
-1675 -1499
-2133 -3845
67 -1900
70 2091
1327 305
2402 127
-919 -331
-1639 216
2314 -3
-628 -4464
-3018 1167
-1680 2078
-2677 2638
-2879 3474
-3288 -2003
-448 -3069
485 1295
-650 -4964
-405 1609
767 -2134
-217 -4965
345 -2831
-3539 -4484
814 -3571
-2738 -3671
-1261 -1272
1191 -1
1969 1205
-3865 2346
247 -3855
-310 2194
-3687 -1839
-1695 -2260
