52
4829 1218
3174 1325
807 -1145
257 -1081
341 -1156
763 1647
-517 1020
2623 -556
4632 -67
3951 412
3054 -734
-61 -486
306 -479
1000 240
1814 10
1305 416
2968 235
4853 -1782
476 -1821
421 -2090
3429 919
4188 -356
2714 -1172
2728 1610
2155 603
4163 -629
-1462 -1291
1840 490
-639 -129
1959 702
-395 -324
3073 -1829
2566 1323
2933 -1560
-507 1232
1605 932
-521 -1715
1221 1314
1036 594
1584 831
536 493
1309 -1429
2509 810
4787 -258
-395 -564
1720 -178
728 -1355
2205 -134
1464 -1698
2319 -1933
2364 1385
2070 -1038
