82
-2658 2554
-1057 -211
-276 -539
-1590 6616
-2261 5321
-2661 232
-3365 1678
-2399 6580
-3312 5600
-715 366
95 5318
-2135 2376
-58 1039
-3693 1985
-1997 5680
-587 6634
75 4927
-2137 4078
-2301 847
-2724 4220
-2574 6162
-214 5024
-2768 736
-2038 3090
-3320 5368
-649 3887
-2956 1134
-40 5340
-2991 -138
-914 4113
93 6415
-3316 161
-216 726
-1264 5787
-1451 3124
-2633 2164
-2935 3950
-2104 1482
-384 1332
-936 3895
-3726 1825
-3214 360
-206 2596
-1254 7417
-1717 4390
-3695 5158
-2887 807
-851 6452
-750 140
-1642 1260
-629 5213
-3387 4512
-396 1383
-1207 6172
-250 2130
-1956 4795
-697 5928
-803 6835
-2746 4339
-1271 2380
-629 4319
-1375 3950
-526 3998
-547 5855
-870 1885
138 4795
-1272 2070
74 3300
-3272 -575
-236 650
-73 1859
-2041 4363
-2249 6519
-412 2062
-3549 3532
-3554 3162
-731 6089
-1754 4112
225 1025
-2656 7087
-3225 4829
-2037 2517
