80
-2554 -1877
950 1039
705 149
4027 461
-2319 -1572
1433 1665
1013 671
-803 1713
2483 1490
2385 1303
5028 27
3195 330
-276 -77
771 -764
6389 -304
1633 170
5596 -1969
-2896 -316
-1046 -808
1357 -1828
6185 -964
-2184 1262
5990 1237
3223 -1521
-2442 303
-2734 -97
3664 1580
4854 -445
3316 -1556
-3009 328
5221 -545
76 397
-789 -1900
4953 -1697
-1504 929
1627 809
-1079 1249
1872 383
5144 929
5227 -813
2482 -1035
-1378 -1534
-381 -1163
4603 -197
1691 -1443
5953 597
6053 20
4336 -749
-144 -1873
2847 1427
6154 -896
4251 -701
6109 -1589
-369 1290
-1706 780
1868 -237
-1026 -279
6123 -1174
681 1644
1980 -1402
-2309 1213
-1267 1041
782 -982
-365 1284
4658 -1404
5291 1110
4765 -900
1740 1522
2758 -2053
3883 -1489
-2110 -1131
5108 1080
4427 -528
-2959 -1682
-635 -1512
4280 231
-1378 -526
2097 484
-2540 555
1389 1328
