87
2420 1358
-2926 -2342
-6616 -1826
-245 1650
-6412 -1871
1047 2975
-3265 4007
4594 4218
-5026 3768
4069 5322
647 4590
5047 1262
-6276 5329
4875 -1718
-6518 2574
4973 21
4876 3763
-1900 2173
-2363 -399
285 -2492
3421 4404
3693 790
-5239 5331
4013 -870
-6110 -1110
395 -2308
3043 1122
-5246 3821
-4234 1432
3515 2675
-6027 4332
5113 4298
4110 -1347
3368 4994
-4115 724
-1924 5359
-4340 5094
-4821 4112
-2650 4077
801 851
2972 3819
4332 -1170
411 -1621
-429 -165
87 2218
-6408 1886
-2890 -1287
-1925 1369
-269 -2141
-4213 2615
1465 966
782 -1467
-4522 2110
-455 -1033
-2210 2007
4211 -775
-5496 -3
5097 3176
-1632 -2223
-2203 3391
-3992 1155
-2396 5321
-3349 7
1453 4695
662 2736
4486 4577
-623 1047
2279 3990
-1593 -1589
-959 -165
-2937 3876
3483 2787
-659 -1399
632 5099
-2602 -1251
-6339 1344
4010 1554
2114 4477
1784 -2218
3062 -1095
-1548 5649
-2891 4669
-1078 507
1528 2352
4346 1083
3779 4924
4612 1580
