95
82 -4562
3262 1391
492 -456
769 588
4029 -1857
3767 -7309
45 -1264
4801 785
-211 -2217
242 -5263
254 -6408
2848 894
3601 -1851
-1403 -8423
-217 -3806
-1356 -7923
-1098 -3914
4220 -7697
-699 3433
-49 531
-1032 -7732
1078 -8301
-906 -1962
2935 -116
4438 -7692
2890 -4926
1897 -7259
4318 -4085
2057 -4907
452 -7001
-291 3515
-371 -7616
-203 -827
3708 -4411
4057 -7394
2449 1436
2223 267
2640 -4693
213 30
3995 603
-705 -761
426 -3656
2075 -5338
839 -780
1860 414
1411 -568
3396 -4788
1196 -1366
1659 -3058
-274 -1550
-451 -7386
4013 2121
2660 1039
3652 1737
-1205 -4055
-924 -2090
515 -4013
4592 749
-1392 3691
-590 1702
-294 483
372 3175
2892 -4426
2913 -193
4436 -7510
1114 -286
1129 -4988
2129 -7391
3922 3163
-986 -6053
3664 -6885
1039 -5426
3040 667
1850 -2424
-1138 -6699
1462 -3255
3528 -5561
1312 -4351
3874 -4612
2717 2773
-785 28
-1058 3053
1796 3596
2611 -2546
2526 2939
1146 -863
2589 2639
4880 -7211
668 3363
3607 -3023
2488 -3609
478 3192
-674 -4193
1699 -789
1880 -3666
