53
2022 -1589
620 798
-1427 -2186
750 1788
2023 -484
2135 1144
2002 1559
2896 -1563
-1221 -735
2484 46
2232 1955
2312 -1852
-876 87
-1399 337
153 -927
2062 1842
1016 2168
1655 -1811
501 -1143
2403 181
-1541 1549
2078 1518
3161 67
809 1902
-957 -1139
2863 1088
915 -2343
-1032 650
2028 156
-69 -86
-541 -1967
-36 -619
30 2481
1692 -667
258 1242
2601 357
-1042 2225
3229 118
2634 401
2989 1834
2676 2181
-2024 206
-1928 -2175
2286 2467
-630 -1528
-1319 110
142 1287
-758 -2258
-1774 1895
-1436 -82
-278 -667
735 -374
-1642 -1835
