79
-2329 4152
3127 -69
5016 1579
6707 -1690
4276 -1228
4547 159
3103 -969
-1856 12
2692 351
7001 3524
-2282 1838
-1931 1826
2414 1799
3202 2187
2161 5422
3972 2270
6654 5202
7173 4581
3313 3811
4430 1152
-2001 4228
5964 -693
2460 -213
5242 -1312
5071 -2026
345 51
1445 474
2318 5346
1116 3414
-2313 2244
3660 5297
-985 2867
-633 2058
4793 4531
-143 4567
364 1330
3447 2458
3933 -1000
-1612 4353
5743 4482
-1982 3912
3870 4815
605 1125
-892 4453
-992 1012
-1737 -1041
3791 3818
321 1810
5417 4461
-1256 3636
3849 311
2603 3316
5868 3929
5670 -1787
-1123 3737
-1329 3760
5440 -339
2213 4241
3211 4460
812 1201
6784 618
7314 656
3183 1021
4101 396
3388 5158
902 -1256
-529 3581
543 3992
6283 -1768
152 -508
3081 773
6923 2507
7629 5248
1088 3462
69 3489
-28 -1018
-2332 3319
7187 -1111
-2389 3163
