66
-2289 4
-1382 1528
-1641 -980
1126 1274
-200 2934
1754 562
-2261 2183
-1849 717
-546 5330
-1652 -772
-34 3115
930 5099
-1784 2384
74 -151
-2128 4443
1887 5060
1375 5185
-1436 2690
14 5002
1710 4651
436 -434
-532 244
2192 2846
-1961 -499
719 4294
-1036 3213
1657 2414
1947 521
1540 2826
-221 2802
1474 -555
-939 323
2067 4788
452 -644
2362 2822
-1024 2092
1272 1618
-2059 1293
-643 1169
822 -306
2424 957
1302 -413
-1262 4116
1134 3627
1151 140
1326 4822
-25 5294
684 1534
-309 4912
206 4229
909 3280
273 2280
111 -777
1105 1356
909 5141
-941 3227
-1590 -359
127 3883
-1341 4319
-1220 4034
-1020 153
173 1772
-2010 -220
1317 1655
97 945
1616 4054
