75
-779 3763
-6099 -1934
3854 -2103
2253 -2098
-306 -1416
-3366 2037
-5782 -1286
-1450 1599
-1556 -2164
-170 3355
-1065 -603
-4501 1947
-1066 -1186
-3724 3113
-309 438
1963 79
-2869 3362
993 3918
-6269 -1280
-1076 -300
3162 -2209
300 3144
457 3707
4212 985
1093 -2161
-1873 -1751
-2207 2765
-444 538
-3114 2935
-4950 202
-782 3419
4366 -1378
-483 -127
1602 832
-853 2870
3173 2123
3643 2364
-4800 2365
-1124 -2250
-5528 2006
-2876 -1740
266 1585
-1672 2625
-1958 3477
-2711 -1287
-1697 -2020
546 312
3214 393
2402 -1386
-2403 2389
938 2663
-1428 -1636
1752 2470
-5743 3967
2703 272
-676 1238
-5440 1449
-5161 1070
1910 -39
-2116 3852
-116 -1829
-1478 -1626
1402 -1579
2080 3939
-5775 3525
2678 -957
2369 2312
4284 152
1727 2484
-4358 701
1468 -1936
-3875 548
-1631 2559
-2817 804
-1439 3545
