63
427 331
-4809 -1332
-1294 -1619
-4641 -1283
-1986 -1792
-2235 -5041
-3660 2852
-3748 -104
-2385 944
771 3080
1123 -3547
249 -2259
-1046 -4554
-5524 -1135
-3332 -4200
-4615 -1045
-1441 -4935
1202 2278
-1103 -3464
-4593 -1679
-864 -981
-2668 -5078
-4646 -2538
-3021 -2896
-5539 463
-2310 -2791
-4221 -605
431 -2514
-385 -3358
-418 789
-998 170
-663 -1730
-3408 234
1037 -1447
-3751 -4727
1483 1657
168 3342
-4578 1554
-3928 2645
959 -77
-5925 2125
-2852 -4811
-3121 -2846
-2607 2300
-5098 -1588
-1928 -5007
-3852 -5186
-4181 1420
789 2150
-2162 -1488
-3218 -937
-3563 -78
-5212 -1570
-778 735
-2797 -1730
680 2975
-2048 -267
-4097 -2413
-1215 -673
-2206 1719
396 -4831
269 -113
-1181 1711
