65
-841 -1472
411 -2173
2768 -324
2037 -2538
3792 -388
-1260 -141
47 -749
1010 -1518
-764 510
-823 -3164
1476 304
-1094 -1782
381 -2615
2292 -869
-1641 -173
-691 -3354
2169 -2730
-191 -2863
3008 240
2879 -289
-1946 506
-427 375
2611 -2851
2709 -488
-1511 -2864
1246 114
2497 -1257
1814 301
-908 -1463
828 -984
1364 -1400
-1816 156
2295 -3303
-57 -1225
3404 -1307
2395 -845
-209 -2931
-1194 -2645
2549 -3378
2638 -3180
-1813 -1611
2776 -2540
-1284 -838
1216 -606
3058 -1916
1081 -2720
1672 56
2884 -1572
-1382 -2836
-1589 -2473
-1717 -1409
930 -2467
1695 -1174
3317 -141
1670 -2208
-378 -3228
1563 172
2071 -2161
2811 -1214
1278 -2844
-1171 -826
985 -982
3417 -1262
1829 -2900
15 328
