83
-858 -5323
420 -3209
589 -17
5101 -5351
5394 -707
2364 1053
71 -4693
5882 -3734
-378 1069
-568 -5229
5962 -2186
4106 -4742
138 859
6133 816
1875 -625
317 -3674
4367 -2586
2907 -2633
-579 -5730
6044 -844
2284 -5235
848 -3668
56 -1270
1705 -2121
4411 -302
5701 -660
46 -3044
3104 -2514
140 -5451
2909 -4261
5170 -4719
3479 -2226
1768 151
2867 1208
1977 -1332
3988 -880
4464 -5921
5631 496
1389 831
4849 306
2462 -3198
5981 -243
4361 -3657
3120 -1107
319 -5016
3250 -3563
2504 -1415
5212 104
6352 -5444
2328 -2782
6269 -3035
3010 -3729
1057 -5686
2814 -3950
6039 -1746
5981 -1788
6611 -496
-349 -433
2656 -1095
3928 -410
894 -1166
250 -1121
580 1094
4081 -1163
149 -4506
1358 589
3615 -3284
421 74
6754 -5789
1142 763
3584 -952
616 -2509
126 -2298
-44 -3902
3743 -2720
6499 -2821
6261 870
5245 535
341 -5495
717 -2666
5529 -2651
5591 -945
6253 -741
