60
-618 -181
552 216
-89 20
375 106
259 33
595 -279
-346 -205
769 221
-363 103
-187 -189
-146 57
-609 254
197 149
243 2
58 -141
80 -264
484 -165
36 -238
-842 192
-261 -79
461 -40
344 200
-801 106
713 154
213 256
-544 62
-268 -101
-36 32
355 255
147 128
-869 -283
94 211
771 -156
-384 -108
122 245
225 202
491 -232
-767 55
-504 -48
724 178
-621 128
-854 -136
409 67
265 -179
534 -277
532 -149
402 91
-304 196
-882 -173
626 80
-918 167
-762 -255
-871 83
-543 206
-61 213
-305 79
437 -193
-403 81
-739 70
210 197
