61
-5319 -1196
-2308 -2058
-1082 -1544
-358 753
-3718 -1933
-947 -1958
-5082 -38
-4958 -1886
-2683 421
-986 2703
-3062 -435
-2714 2296
-4468 -206
-1385 -1093
-4612 -1275
-5293 321
738 2958
815 -363
-224 -1547
-3083 1598
-5400 184
814 3275
-4446 -1801
-693 1057
-3060 1896
-5384 2263
685 3131
-3409 1151
-3296 -33
-3813 -1149
-2455 -2204
-52 -500
-5122 -1950
238 1144
-1623 -2139
-1639 750
624 2445
-3728 -37
-2894 56
862 18
-5439 591
-4733 -294
57 415
-3068 -1953
360 712
-332 1593
-366 29
-5241 1645
-4928 1211
872 1982
-5351 -326
-640 1111
-624 2979
-886 -1335
-5262 3105
-2634 -2030
-3180 1235
-2897 2276
-2785 -1649
765 -1612
387 660
