71
5687 -503
3980 -5250
3836 3746
5255 -939
3206 299
5329 -1246
-101 1014
1774 -2129
5307 2998
4769 -2468
1669 -4710
3849 -1574
2998 2830
2949 -4384
-936 -3748
-1402 -1620
4568 -2978
2458 -1043
3532 997
884 -4548
4378 3288
-1067 175
-1386 -4140
1318 2905
-349 -4952
2425 -4920
5290 -5925
1507 -2365
2142 -1009
4525 -5132
831 -901
-603 -2204
3710 2243
5022 -4935
2571 -1042
4386 -4710
1621 -3967
-685 931
3012 682
-1205 1382
5019 1847
3069 3131
218 -3972
531 2679
1772 949
3873 985
3469 -4471
-1480 -3758
4456 -3041
6493 -4938
-1071 -2443
1265 -1684
2983 -5220
6135 -1893
1513 736
5633 -3520
1162 1733
-1519 2603
1794 1897
5111 -5485
4766 -4504
-1430 -1388
4640 -4543
-619 -1538
544 1846
-1192 -639
1315 -3027
921 -1191
4423 896
388 -211
151 -4608
