91
3298 -75
-2353 -1846
1306 -357
-5444 3030
-2508 -1256
-4886 -924
-1738 35
-4097 -834
363 1649
246 -503
-4440 -337
-2134 4851
769 3561
-3171 4568
911 -1270
2808 -1787
3473 515
777 3654
-1567 3606
-4622 2247
-361 -1123
-2649 4334
2782 4878
2578 4029
1568 2610
1700 -854
-922 -150
-5183 771
-3071 1485
244 1403
-5766 -792
-3079 1137
-1280 -462
1351 2842
1625 2609
801 2265
-2248 512
-5238 4151
-2962 -582
-101 1446
122 -438
-1368 -1518
3790 359
-3915 -1357
-2471 2134
520 3802
3742 1900
-2210 2283
-5898 2771
2636 2241
-67 1220
-630 4644
-137 2678
-2181 -1641
1152 3341
-642 3775
252 2270
-262 1458
-2687 4291
2063 -99
1718 -1717
-4538 -1234
1915 4206
-3699 2770
-4549 4020
-3259 -1163
-5079 3278
3706 948
-529 90
3715 4110
1250 3522
-2193 1080
1513 967
-2976 -1069
844 -1799
-4366 -703
3447 1112
-5280 4090
-1608 51
-1807 -654
-2621 274
-3782 1631
-4675 -1621
2291 -665
1462 -1377
-4022 2748
3526 354
-3151 -1138
458 846
-1837 4582
-2239 2730
