92
-1445 553
-3095 478
-6564 -4004
-3199 -1656
16 -1461
842 725
-2642 549
-4771 -2426
-586 -1064
-4182 -1323
-5529 -6122
584 -8005
838 -4207
-6367 -2857
-4952 -1878
-3044 -1018
464 -6288
-5602 -5672
-1306 -5425
-6333 -4989
-4718 1403
122 -78
-3905 -7132
251 -6028
-5534 -1158
-1141 -5396
604 -2674
-5483 -783
-939 -188
-4085 42
-2441 89
-700 -1715
31 -6025
-1364 -1988
-7002 -4017
-239 429
-1834 -2726
-4758 -1216
-723 -7923
-5308 -6879
-7984 498
-6622 -6689
-495 -5169
-83 -7154
505 -6234
-3930 -7822
-6327 -4758
-4026 -6792
-6555 -3364
-4794 519
947 -1887
-2487 -4762
-6049 984
-5028 46
-3723 -5286
-2155 -1104
385 -4783
184 832
-6449 -5019
-6563 -3398
-5412 -2133
-138 -3799
-6645 747
-6490 -554
-7600 -5727
-5723 -2225
-3229 293
-6531 -981
-2108 -320
-8185 -7898
-419 -4698
162 -7868
-7313 -4833
-4031 -676
-6225 -1004
-6741 -6327
-1298 513
-1753 -3143
-7651 -734
-8592 -1559
-2890 -3286
808 -2747
-2923 -2093
-888 101
-4976 -2319
-7728 -3436
-248 -7175
-2360 -7734
-6157 -6890
-5411 1046
-3651 -4939
-4497 -6374
