59
1878 -5146
3019 3953
685 3623
3079 -554
2530 3398
1966 -4413
-3523 -2697
-4521 -1656
-126 -3463
2271 -4841
1417 -1584
2469 -3812
-911 -3228
836 2563
-209 4908
1595 -4940
1223 2102
-2018 4234
797 -2036
-2970 -750
-89 385
-1985 757
2491 5254
3610 4833
-2908 -3782
335 -1440
-1266 -3712
-1831 3922
-1441 2342
-54 4129
1205 2241
-3013 -132
3196 2757
-274 -3779
2394 1569
-723 -3405
-411 3961
1843 4965
-2013 -950
-472 -4958
269 2538
1115 -3181
-4491 -4611
-3646 289
-1870 -774
-3269 -3874
-1104 -2579
-23 -2070
-1867 -3621
3019 -4927
3188 -1866
-1463 -4863
-2701 -4524
1947 2004
-339 -2838
-1967 2206
-3812 -343
2145 -332
-980 3176
