387.44299999999998
465.75799999999998
130.74099999999999
371.03399999999999
111.374
238.12700000000001
149.35999999999999
453.858
156.822
144.48500000000001
92.953999999999994
196.43600000000001
100.01400000000001
375.74200000000002
155.79900000000001
169.29400000000001
241.101
106.849
215.96099999999998
116.548
302.11799999999999
198.17699999999999
159.25800000000001
193.11100000000002
235.70599999999999
144.49300000000002
115.52999999999999
413.70400000000001
154.696
328.63399999999996
184.309
130.648
254.59399999999999
386.60299999999995
148.084
156.602
172.78999999999999
284.209
116.303
567.952
276.79700000000003
197.62799999999999
377.75
176.887
180.99699999999999
373.61499999999995
235.732
270.846
173.02500000000001
289.61500000000001
177.93700000000001
