1093.377
1118.6970000000001
1106.4940000000001
1094.954
1103.45
1127.7299999999998
1159.23
1161.9649999999999
1158.328
1144.3620000000001
1131.9079999999999
1114.452
1095.605
1097.125
1116.3430000000001
1099.8019999999999
1101.2560000000001
1118.1959999999999
1108.2449999999999
1094.6210000000001
1100.117
1111.175
1103.2370000000001
1100.79
1094.7539999999999
1095.8619999999999
1103.0930000000001
1105.771
1104.4449999999999
1096.4579999999999
1111.241
1137.222
1103.3409999999999
1104.212
1103.4559999999999
1099.8900000000001
1108.4659999999999
1103.9069999999999
1106.7809999999999
1099.8000000000002
1105.4470000000001
1101.223
1101.2649999999999
1100.921
1095.7550000000001
1106.7809999999999
1100.2909999999999
