90.081999999999994
86.692000000000007
86.411000000000001
87.215000000000003
89.108000000000004
86.948999999999998
90.974000000000004
95.697000000000003
92.319999999999993
100.43900000000001
90.079999999999998
105.217
86.227999999999994
85.847000000000008
91.171999999999997
107.14999999999999
86.439000000000007
87.174999999999997
86.013999999999996
85.703000000000003
85.495000000000005
87.621000000000009
89.861999999999995
86.778999999999996
86.316000000000003
88.382000000000005
86.750999999999991
91.798000000000002
86.013000000000005
87.369
86.265999999999991
87.322999999999993
89.805999999999997
85.724999999999994
89.704000000000008
86.789000000000001
85.792999999999992
88.266999999999996
85.641999999999996
91.415999999999997
87.750999999999991
87.024000000000001
86.584999999999994
86.195999999999998
88.49799999999999
88.733999999999995
86.182999999999993
